"IID" "FID" "eye_color"
1010 1010 1
1013 1013 1
1020 1020 2
1022 1022 2
1024 1024 2
1026 1026 1
1028 1028 2
1033 1033 1
1034 1034 1
1035 1035 1
1036 1036 1
1039 1039 2
1041 1041 2
1042 1042 2
1047 1047 2
1058 1058 2
1060 1060 1
1066 1066 2
1071 1071 1
1074 1074 2
1075 1075 1
1077 1077 2
1078 1078 1
1079 1079 1
1081 1081 1
1085 1085 2
1091 1091 2
1092 1092 2
10 10 1
1103 1103 2
1104 1104 1
1114 1114 1
1121 1121 1
1125 1125 1
1129 1129 2
1131 1131 2
1133 1133 2
1134 1134 2
1142 1142 1
1147 1147 2
1163 1163 1
1165 1165 2
1173 1173 1
1177 1177 2
1183 1183 1
118 118 1
1190 1190 2
1196 1196 2
11 11 1
1209 1209 1
1210 1210 1
1214 1214 2
1221 1221 1
1227 1227 2
1233 1233 1
1235 1235 1
1239 1239 1
123 123 2
124 124 2
1259 1259 1
1269 1269 2
126 126 1
1275 1275 2
1281 1281 1
1283 1283 2
1288 1288 1
1290 1290 1
1305 1305 1
1312 1312 1
1325 1325 2
1330 1330 2
1338 1338 1
1341 1341 2
1342 1342 2
1366 1366 2
1374 1374 2
1375 1375 1
1379 1379 2
1382 1382 1
1384 1384 1
1392 1392 1
1393 1393 2
13 13 1
1401 1401 1
1404 1404 2
1412 1412 2
1414 1414 1
141 141 1
1420 1420 1
1424 1424 2
1426 1426 2
1430 1430 1
1432 1432 2
1440 1440 2
1442 1442 2
1445 1445 2
1446 1446 2
1447 1447 2
144 144 1
1450 1450 1
1459 1459 2
1462 1462 1
1465 1465 2
1466 1466 1
1467 1467 1
146 146 1
1470 1470 1
1491 1491 2
1494 1494 2
1499 1499 2
14 14 1
1503 1503 2
1507 1507 2
1514 1514 2
1515 1515 2
1519 1519 1
1521 1521 2
1522 1522 1
1523 1523 1
1531 1531 1
1532 1532 1
1537 1537 1
154 154 1
1561 1561 2
1564 1564 1
1565 1565 1
1566 1566 1
1568 1568 1
1573 1573 1
1578 1578 2
1582 1582 1
1588 1588 2
1589 1589 1
1593 1593 1
1595 1595 2
1599 1599 2
159 159 2
1600 1600 2
160 160 2
1610 1610 2
1615 1615 1
1623 1623 2
1625 1625 1
1626 1626 1
1627 1627 1
1631 1631 1
1641 1641 2
1647 1647 2
1653 1653 1
1658 1658 2
1659 1659 1
1664 1664 2
1668 1668 1
1669 1669 1
1674 1674 2
1675 1675 1
1678 1678 1
1682 1682 1
1685 1685 1
1686 1686 1
168 168 1
1695 1695 1
1697 1697 2
1699 1699 1
16 16 2
1702 1702 1
1705 1705 2
1706 1706 1
1707 1707 2
1712 1712 2
1715 1715 1
1717 1717 1
1718 1718 2
1720 1720 2
1723 1723 1
1727 1727 1
1731 1731 1
1735 1735 1
1737 1737 2
1742 1742 2
1743 1743 1
1745 1745 2
1759 1759 1
175 175 1
1763 1763 2
1764 1764 2
1772 1772 1
1775 1775 2
1776 1776 2
1777 1777 1
1778 1778 1
177 177 2
1780 1780 1
1784 1784 1
1785 1785 1
1788 1788 2
1790 1790 1
17 17 2
1802 1802 2
1808 1808 2
180 180 1
1810 1810 1
1811 1811 2
1813 1813 2
1814 1814 2
1815 1815 2
1822 1822 1
1825 1825 1
1827 1827 1
1833 1833 2
1841 1841 2
1848 1848 1
1851 1851 1
1853 1853 2
1858 1858 2
1875 1875 2
1876 1876 2
1877 1877 1
1879 1879 1
187 187 1
1887 1887 1
1889 1889 2
1892 1892 2
189 189 1
1901 1901 1
1902 1902 2
1903 1903 2
1904 1904 2
1952 1952 1
1958 1958 1
1963 1963 1
1964 1964 2
1968 1968 2
1970 1970 2
1975 1975 1
1980 1980 1
1984 1984 2
1985 1985 2
1987 1987 1
1991 1991 1
1992 1992 1
1993 1993 2
1996 1996 1
1 1 2
2000 2000 2
2001 2001 2
2004 2004 2
2006 2006 2
2008 2008 1
2009 2009 2
200 200 2
2011 2011 1
2013 2013 1
2018 2018 1
2022 2022 2
2023 2023 2
2024 2024 2
2025 2025 1
2028 2028 2
202 202 2
2030 2030 2
2034 2034 2
2035 2035 1
2039 2039 2
203 203 1
2040 2040 1
2041 2041 1
2042 2042 2
2047 2047 1
2048 2048 2
204 204 2
2050 2050 1
2052 2052 2
2053 2053 1
2055 2055 2
2056 2056 2
2064 2064 2
2067 2067 1
2074 2074 2
2075 2075 1
2076 2076 2
2077 2077 1
207 207 2
2080 2080 2
2083 2083 2
2090 2090 1
2096 2096 1
2099 2099 2
210 210 2
2116 2116 2
2133 2133 1
2151 2151 2
2153 2153 1
2158 2158 2
215 215 2
2162 2162 1
2166 2166 2
216 216 2
2177 2177 2
2183 2183 1
2202 2202 2
2203 2203 2
2207 2207 1
2212 2212 2
2214 2214 1
2217 2217 1
2236 2236 1
2238 2238 2
2239 2239 1
2249 2249 2
2274 2274 2
2276 2276 1
2278 2278 2
2279 2279 1
2288 2288 1
2291 2291 2
2297 2297 1
22 22 2
2307 2307 2
2314 2314 1
2329 2329 1
2334 2334 2
2350 2350 2
2356 2356 2
2358 2358 1
2361 2361 2
2362 2362 2
2367 2367 2
2371 2371 1
2385 2385 1
2393 2393 2
2402 2402 1
2412 2412 2
2419 2419 2
241 241 2
2421 2421 1
2453 2453 1
2454 2454 2
2455 2455 1
2456 2456 2
2457 2457 1
2498 2498 2
2510 2510 2
2512 2512 1
2513 2513 1
2516 2516 2
251 251 2
252 252 2
2535 2535 1
253 253 2
2542 2542 1
2554 2554 2
2557 2557 1
2558 2558 1
2568 2568 2
2570 2570 2
2571 2571 1
2574 2574 1
2576 2576 1
258 258 1
2616 2616 1
2628 2628 1
262 262 1
2633 2633 2
2635 2635 2
2645 2645 1
2648 2648 1
2651 2651 2
2660 2660 2
2665 2665 1
266 266 1
2675 2675 1
2676 2676 2
2677 2677 2
2681 2681 2
2687 2687 1
268 268 1
2692 2692 2
2694 2694 1
26 26 2
2700 2700 1
2702 2702 1
2707 2707 1
2715 2715 2
2718 2718 1
2720 2720 1
2725 2725 1
2729 2729 1
2732 2732 1
2739 2739 2
2740 2740 1
2748 2748 2
2751 2751 2
2755 2755 1
2759 2759 1
2764 2764 2
276 276 1
2794 2794 1
2797 2797 2
279 279 1
2826 2826 2
2839 2839 1
2841 2841 1
2849 2849 1
2858 2858 1
285 285 1
2860 2860 1
2874 2874 2
287 287 2
2881 2881 2
2886 2886 2
2887 2887 1
288 288 2
2890 2890 2
2891 2891 1
2894 2894 2
2898 2898 2
2901 2901 1
2907 2907 1
2920 2920 2
2949 2949 1
294 294 2
2953 2953 1
2958 2958 2
295 295 2
2960 2960 1
2964 2964 1
2966 2966 1
2969 2969 2
296 296 1
2980 2980 2
298 298 1
2990 2990 1
2998 2998 1
3004 3004 2
3015 3015 1
3018 3018 2
3034 3034 1
3043 3043 1
3046 3046 1
3048 3048 1
3050 3050 1
305 305 1
3068 3068 1
3069 3069 1
3078 3078 2
3080 3080 1
3082 3082 2
3085 3085 1
3087 3087 1
3090 3090 1
3097 3097 2
3100 3100 2
3104 3104 2
3108 3108 1
3111 3111 1
3113 3113 1
311 311 1
3122 3122 1
3124 3124 1
3129 3129 1
3130 3130 1
3137 3137 1
3140 3140 1
3145 3145 1
3158 3158 1
3167 3167 1
3176 3176 2
3179 3179 2
3185 3185 2
3186 3186 1
3193 3193 2
3196 3196 1
3197 3197 1
3199 3199 1
319 319 2
3206 3206 2
3211 3211 1
3216 3216 2
3224 3224 2
3227 3227 2
322 322 1
323 323 1
3244 3244 2
3248 3248 2
3257 3257 1
325 325 1
3265 3265 2
3267 3267 1
3275 3275 2
3277 3277 2
3280 3280 1
3289 3289 2
328 328 1
3303 3303 1
3304 3304 1
3306 3306 2
3309 3309 2
330 330 2
3320 3320 1
3321 3321 2
3324 3324 2
3326 3326 2
3335 3335 1
3340 3340 1
3341 3341 2
3343 3343 1
3344 3344 2
3357 3357 1
3364 3364 1
3375 3375 1
337 337 2
3381 3381 1
3393 3393 1
3394 3394 1
3395 3395 1
3397 3397 1
3399 3399 1
339 339 1
33 33 1
3402 3402 1
3404 3404 1
3415 3415 1
3417 3417 2
341 341 2
3422 3422 2
3449 3449 2
3454 3454 1
345 345 2
3468 3468 1
3478 3478 1
347 347 2
3486 3486 1
3489 3489 2
3494 3494 1
3499 3499 1
349 349 2
3525 3525 2
352 352 2
3531 3531 2
3532 3532 2
3540 3540 1
3543 3543 2
3559 3559 1
3569 3569 2
3571 3571 1
357 357 1
3581 3581 1
3582 3582 1
3595 3595 2
3598 3598 1
35 35 1
3605 3605 1
3611 3611 2
3615 3615 1
3622 3622 1
3624 3624 2
3625 3625 1
3626 3626 1
3639 3639 1
363 363 2
3642 3642 2
3643 3643 2
3644 3644 2
3655 3655 2
3660 3660 2
366 366 1
3682 3682 2
3689 3689 1
368 368 2
3695 3695 1
36 36 1
3706 3706 2
3724 3724 2
3728 3728 1
3733 3733 2
3747 3747 2
3766 3766 1
3767 3767 1
3777 3777 2
3780 3780 1
3782 3782 2
3783 3783 1
3786 3786 2
3788 3788 2
3806 3806 2
380 380 1
3821 3821 2
3822 3822 2
3833 3833 2
3834 3834 2
3835 3835 1
3847 3847 2
3853 3853 1
3856 3856 1
3858 3858 2
3862 3862 2
3865 3865 2
3866 3866 2
3881 3881 2
3882 3882 2
3883 3883 1
3885 3885 2
3886 3886 2
38 38 2
3904 3904 1
3905 3905 1
3908 3908 2
3913 3913 1
3921 3921 1
3922 3922 1
3923 3923 2
3931 3931 1
3934 3934 1
3935 3935 2
3942 3942 2
3948 3948 2
394 394 2
3954 3954 2
3964 3964 1
3965 3965 1
3967 3967 2
3971 3971 2
3973 3973 1
3979 3979 1
397 397 1
3988 3988 1
3990 3990 2
3992 3992 1
3993 3993 1
3998 3998 2
4006 4006 1
4009 4009 2
4018 4018 1
4026 4026 2
4029 4029 1
4030 4030 1
4032 4032 1
4034 4034 1
4036 4036 1
4042 4042 1
4055 4055 2
4056 4056 2
4057 4057 1
4064 4064 2
4066 4066 1
4067 4067 2
4080 4080 2
4084 4084 1
4095 4095 1
40 40 2
4106 4106 2
4111 4111 1
411 411 2
4127 4127 1
4133 4133 2
4135 4135 2
4143 4143 2
4147 4147 1
4159 4159 2
4171 4171 1
4173 4173 2
4176 4176 1
4178 4178 1
4180 4180 2
4181 4181 2
4185 4185 1
4191 4191 1
4194 4194 1
4198 4198 1
4200 4200 2
4201 4201 1
4204 4204 2
4207 4207 1
420 420 1
4212 4212 2
4213 4213 2
4215 4215 2
4224 4224 2
4230 4230 1
4235 4235 2
4240 4240 2
4241 4241 1
4245 4245 1
4248 4248 1
4251 4251 1
4252 4252 2
4258 4258 2
4290 4290 1
4297 4297 2
429 429 2
42 42 1
4301 4301 1
4304 4304 2
430 430 1
4320 4320 1
4346 4346 1
4356 4356 1
4359 4359 2
4360 4360 2
4369 4369 1
437 437 2
4381 4381 1
4399 4399 2
439 439 2
440 440 1
4411 4411 1
441 441 2
4428 4428 1
4430 4430 2
4438 4438 2
4440 4440 1
4441 4441 2
4460 4460 2
4463 4463 2
4482 4482 1
4490 4490 1
4498 4498 1
4499 4499 2
44 44 1
4502 4502 1
4507 4507 1
4522 4522 2
4532 4532 2
4538 4538 2
4539 4539 1
4546 4546 1
4547 4547 1
4549 4549 1
4552 4552 1
4568 4568 2
4569 4569 1
4577 4577 1
4580 4580 1
4583 4583 1
4584 4584 1
4585 4585 1
4587 4587 2
4594 4594 2
4597 4597 1
4598 4598 1
4602 4602 1
4604 4604 1
4605 4605 1
4613 4613 2
4621 4621 2
4632 4632 1
4638 4638 2
463 463 2
4641 4641 2
4643 4643 1
4644 4644 1
4646 4646 1
4648 4648 2
4652 4652 1
4654 4654 1
4667 4667 1
466 466 1
4671 4671 1
4672 4672 1
4679 4679 2
4680 4680 1
468 468 1
4693 4693 1
4694 4694 2
4695 4695 2
4696 4696 2
4712 4712 2
4715 4715 1
4732 4732 2
4735 4735 1
4738 4738 2
473 473 2
4754 4754 1
4756 4756 2
4758 4758 1
4784 4784 2
4796 4796 1
4797 4797 1
4801 4801 2
4813 4813 1
4814 4814 1
481 481 1
4825 4825 2
4831 4831 1
4832 4832 2
4833 4833 1
4834 4834 1
4837 4837 1
483 483 1
4851 4851 1
4859 4859 1
4879 4879 2
4880 4880 1
4888 4888 2
4889 4889 1
488 488 1
4897 4897 1
4910 4910 2
4917 4917 2
4925 4925 1
4927 4927 1
4928 4928 2
4932 4932 1
4935 4935 2
4943 4943 1
4947 4947 2
4954 4954 2
495 495 2
4962 4962 2
497 497 2
4983 4983 2
4985 4985 1
4990 4990 1
4998 4998 1
4999 4999 2
500 500 2
5024 5024 2
502 502 2
5034 5034 1
503 503 2
5044 5044 2
5048 5048 2
5049 5049 2
5073 5073 2
5098 5098 2
5099 5099 1
5103 5103 2
5105 5105 1
5107 5107 1
5130 5130 2
5144 5144 2
5145 5145 2
5146 5146 1
5155 5155 1
5164 5164 1
5167 5167 1
5168 5168 1
5170 5170 2
5172 5172 1
5180 5180 1
5182 5182 1
5185 5185 1
5190 5190 2
5195 5195 1
5199 5199 2
5206 5206 1
5207 5207 1
5218 5218 2
5223 5223 2
5233 5233 2
5235 5235 2
5236 5236 1
5237 5237 1
5241 5241 1
5246 5246 2
5257 5257 2
5258 5258 2
5263 5263 1
5267 5267 2
5273 5273 2
5274 5274 1
5276 5276 2
5278 5278 2
5283 5283 2
5284 5284 2
5288 5288 1
5293 5293 1
5302 5302 1
5310 5310 1
5326 5326 2
5332 5332 1
533 533 2
5342 5342 1
5362 5362 2
5397 5397 2
539 539 1
53 53 2
5408 5408 1
5414 5414 2
5425 5425 2
542 542 2
5432 5432 2
5443 5443 2
5447 5447 2
5456 5456 1
5460 5460 1
5475 5475 2
5478 5478 2
5485 5485 1
5487 5487 2
5490 5490 1
5495 5495 2
549 549 1
5502 5502 1
5514 5514 2
5515 5515 1
5516 5516 1
5529 5529 1
5540 5540 2
5545 5545 1
554 554 1
5557 5557 1
5568 5568 2
556 556 1
5570 5570 2
5573 5573 2
5581 5581 1
5582 5582 2
5583 5583 2
5596 5596 2
55 55 2
5602 5602 2
5611 5611 2
5612 5612 2
5613 5613 2
561 561 1
5620 5620 2
5629 5629 2
5633 5633 2
5637 5637 2
563 563 1
5666 5666 2
5675 5675 1
567 567 2
5683 5683 1
5701 5701 2
5719 5719 1
5723 5723 1
572 572 2
5741 5741 2
5743 5743 2
5745 5745 1
574 574 2
5768 5768 1
5775 5775 2
5792 5792 2
579 579 2
5800 5800 2
5803 5803 1
5810 5810 1
5815 5815 2
581 581 2
5820 5820 2
5821 5821 2
5826 5826 1
5830 5830 1
5833 5833 1
583 583 2
5844 5844 2
5850 5850 2
5853 5853 1
5859 5859 2
5866 5866 2
5867 5867 1
5872 5872 2
5881 5881 1
5884 5884 2
5888 5888 2
5892 5892 2
5895 5895 2
589 589 1
58 58 2
5900 5900 2
5902 5902 2
5912 5912 1
5917 5917 2
5924 5924 1
595 595 1
5965 5965 2
5973 5973 1
5989 5989 1
5996 5996 2
5999 5999 1
6005 6005 2
6013 6013 2
6020 6020 1
6025 6025 1
602 602 2
6035 6035 2
6042 6042 1
6045 6045 2
6056 6056 2
6064 6064 1
6065 6065 1
6074 6074 1
607 607 2
6085 6085 1
6099 6099 1
609 609 2
60 60 1
6103 6103 1
6108 6108 2
610 610 1
6115 6115 1
6120 6120 1
6124 6124 1
613 613 1
6169 6169 1
6179 6179 1
6184 6184 1
6187 6187 2
6191 6191 2
6192 6192 1
6204 6204 1
6206 6206 2
6214 6214 2
6216 6216 1
6228 6228 2
6235 6235 1
6238 6238 2
6239 6239 2
6244 6244 2
6248 6248 2
6249 6249 1
6257 6257 2
6269 6269 1
6284 6284 1
6285 6285 2
62 62 1
6335 6335 2
6348 6348 2
6351 6351 2
6356 6356 1
6367 6367 2
636 636 2
637 637 2
6381 6381 1
6387 6387 2
63 63 2
644 644 1
6450 6450 2
645 645 2
646 646 2
6484 6484 1
6491 6491 1
64 64 2
650 650 1
651 651 2
6544 6544 1
6547 6547 1
6573 6573 1
6589 6589 1
667 667 2
6690 6690 2
6695 6695 1
669 669 2
6704 6704 1
6706 6706 1
6721 6721 1
6722 6722 1
6733 6733 1
6758 6758 2
675 675 1
678 678 1
6814 6814 2
682 682 2
6832 6832 2
684 684 2
6857 6857 2
6858 6858 1
6859 6859 1
685 685 1
6860 6860 2
6861 6861 2
6874 6874 1
6875 6875 1
6885 6885 1
688 688 1
6923 6923 1
6928 6928 2
6935 6935 2
693 693 1
6971 6971 2
6981 6981 1
6989 6989 2
6990 6990 1
6993 6993 1
6 6 1
7013 7013 1
7014 7014 2
7019 7019 2
7020 7020 1
703 703 2
704 704 1
7053 7053 2
7055 7055 1
7070 7070 2
7089 7089 2
7155 7155 1
7156 7156 1
7163 7163 2
717 717 2
7189 7189 2
7195 7195 1
71 71 1
7214 7214 1
721 721 2
722 722 1
7245 7245 2
7261 7261 2
7267 7267 1
726 726 1
7285 7285 1
72 72 1
7307 7307 2
7322 7322 2
7360 7360 1
7372 7372 2
7376 7376 2
7377 7377 1
7403 7403 2
7413 7413 1
745 745 1
7465 7465 1
7471 7471 1
7475 7475 1
748 748 1
749 749 2
74 74 2
7510 7510 2
7520 7520 2
7527 7527 2
7547 7547 1
754 754 1
7565 7565 1
7568 7568 2
7585 7585 1
758 758 2
7597 7597 1
75 75 1
7611 7611 1
7613 7613 1
7616 7616 1
761 761 1
762 762 1
7636 7636 2
763 763 1
7659 7659 1
7708 7708 1
7722 7722 2
7733 7733 1
7735 7735 1
7757 7757 1
7759 7759 1
775 775 2
7761 7761 2
7763 7763 1
776 776 2
777 777 1
7785 7785 2
779 779 2
781 781 1
782 782 2
7842 7842 1
7847 7847 1
7876 7876 2
7882 7882 2
7888 7888 2
7907 7907 1
7912 7912 2
792 792 1
7931 7931 2
7950 7950 1
7954 7954 1
7955 7955 1
7981 7981 2
7989 7989 1
798 798 1
799 799 1
8015 8015 2
803 803 1
806 806 2
807 807 1
808 808 2
8090 8090 2
811 811 2
8129 8129 2
8132 8132 1
8139 8139 2
813 813 1
814 814 1
816 816 1
81 81 2
8202 8202 2
8204 8204 2
820 820 1
8212 8212 1
8274 8274 1
8301 8301 2
8304 8304 2
8318 8318 2
8327 8327 1
832 832 1
8352 8352 2
8363 8363 2
836 836 2
8379 8379 1
8387 8387 1
839 839 2
8403 8403 2
8415 8415 1
8427 8427 1
842 842 2
8432 8432 1
845 845 1
8466 8466 2
8476 8476 2
850 850 2
8522 8522 1
8529 8529 2
8534 8534 2
8538 8538 2
854 854 1
8565 8565 1
8578 8578 2
8588 8588 2
862 862 1
8641 8641 1
8656 8656 1
865 865 2
8666 8666 2
8701 8701 2
8720 8720 1
8737 8737 1
8747 8747 1
8834 8834 2
8841 8841 1
8874 8874 1
887 887 2
8883 8883 2
8885 8885 2
8915 8915 2
891 891 2
8939 8939 1
8977 8977 2
898 898 2
8990 8990 1
8 8 1
9023 9023 1
9039 9039 1
903 903 2
9046 9046 2
9081 9081 1
909 909 2
90 90 1
9107 9107 2
9111 9111 1
912 912 2
915 915 2
9164 9164 1
9166 9166 1
916 916 1
9172 9172 2
918 918 1
920 920 1
9218 9218 1
9223 9223 2
922 922 1
9232 9232 2
924 924 1
925 925 2
926 926 1
9277 9277 1
9281 9281 1
9283 9283 2
9323 9323 2
9327 9327 2
9427 9427 2
9430 9430 2
943 943 1
945 945 2
9471 9471 1
9486 9486 2
949 949 2
9519 9519 2
951 951 1
952 952 2
954 954 1
966 966 1
968 968 2
972 972 2
990 990 2
991 991 2
994 994 1
999 999 1
99 99 2
