1259 1259 "Y" 287910 958847 0.3003 430732 452100 654277 -0.1057 0.341667214344995
1695 1695 "Y" 435306 958847 0.454 326062 334600 496292 -0.05261 0.343003715554553
1879 1879 "Y" 434969 958847 0.4536 325790 334900 496697 -0.05603 0.344087038979499
2239 2239 "Y" 435089 958847 0.4538 326526 334800 496602 -0.05093 0.342479490618242
2887 2887 "Y" 437005 958847 0.4558 318819 333900 495340 -0.09349 0.356363306012032
3048 3048 "Y" 292521 958847 0.3051 414206 438600 634179 -0.1245 0.346862636574216
3783 3783 "Y" 444472 958847 0.4635 311908 329600 489119 -0.1111 0.362306514365625
4006 4006 "Y" 435150 958847 0.4538 320729 334900 496740 -0.08743 0.354332246245521
4490 4490 "Y" 439736 958847 0.4586 326038 332200 492778 -0.03843 0.338367378413809
4813 4813 "Y" 434552 958847 0.4532 327468 335300 497307 -0.0481 0.341517412785261
5867 5867 "Y" 303054 958847 0.3161 402855 431800 624571 -0.1502 0.354989264631243
5989 5989 "Y" 435297 958847 0.454 319130 334900 496846 -0.09762 0.357688297782411
6065 6065 "Y" 434972 958847 0.4536 322151 335000 496976 -0.07946 0.351777550626187
7757 7757 "Y" 497308 958847 0.5187 292485 290800 443657 0.01078 0.340740707348244
7763 7763 "Y" 497381 958847 0.5187 291759 290800 443630 0.006104 0.342337082704055
7842 7842 "Y" 498111 958847 0.5195 292640 290500 443126 0.01403 0.339600926147416
7888 7888 "Y" 497278 958847 0.5186 292219 290900 443683 0.00892 0.341378867344478
7907 7907 "Y" 497236 958847 0.5186 291701 290900 443784 0.005077 0.342695996250428
8139 8139 "Y" 497314 958847 0.5187 292738 290800 443663 0.01238 0.340179370377967
8204 8204 "Y" 497129 958847 0.5185 293281 291000 443839 0.01519 0.339217599174475
8304 8304 "Y" 497436 958847 0.5188 292369 290800 443553 0.01037 0.340847655184386
8379 8379 "Y" 492020 958847 0.5131 283012 294200 448541 -0.07246 0.369038727786312
845 845 "Y" 417499 958847 0.4354 342564 353200 523192 -0.06273 0.345242281992079
8466 8466 "Y" 497741 958847 0.5191 292721 290600 443256 0.01397 0.339611872146119
8529 8529 "Y" 497098 958847 0.5184 292646 291000 443866 0.01095 0.340688405960357
8534 8534 "Y" 491826 958847 0.5129 296072 294300 448642 0.01167 0.340070702252576
8538 8538 "Y" 494151 958847 0.5154 295500 292800 446338 0.01778 0.337945682420049
8565 8565 "Y" 491501 958847 0.5126 295089 294500 448953 0.004053 0.342717389125365
8588 8588 "Y" 492118 958847 0.5132 294546 294100 448429 0.002745 0.343160232723575
8656 8656 "Y" 493360 958847 0.5145 295741 293300 447136 0.0161 0.338588259500465
8666 8666 "Y" 491661 958847 0.5128 295279 294400 448808 0.00589 0.34208169194845
8720 8720 "Y" 491689 958847 0.5128 278287 294400 448825 -0.1042 0.37996546538183
8939 8939 "Y" 497381 958847 0.5187 292463 290800 443590 0.01097 0.340690727924435
8990 8990 "Y" 492286 958847 0.5134 278087 294000 448229 -0.1031 0.379587219925529
9023 9023 "Y" 492138 958847 0.5133 296345 294100 448339 0.01474 0.33901578939151
9039 9039 "Y" 491733 958847 0.5128 295901 294300 448733 0.01023 0.340585604357157
9046 9046 "Y" 491833 958847 0.5129 296853 294300 448632 0.0168 0.338315144706575
9081 9081 "Y" 491572 958847 0.5127 297013 294400 448888 0.0168 0.338336066012012
9164 9164 "Y" 491534 958847 0.5126 296375 294400 448924 0.01249 0.33981030196648
9277 9277 "Y" 491538 958847 0.5126 296234 294400 448923 0.01161 0.340122916402145
9281 9281 "Y" 492585 958847 0.5137 296353 293800 447886 0.01674 0.338329396319599
9283 9283 "Y" 491503 958847 0.5126 294602 294500 448951 0.0009369 0.343799211940724
9430 9430 "Y" 497129 958847 0.5185 293597 291000 443840 0.01725 0.338507119682769
9471 9471 "Y" 491595 958847 0.5127 294145 294400 448867 -0.001668 0.34469453089668
1582 1582 "Y" 435055 958847 0.4537 353911 334800 496629 0.1182 0.287373471947873
1727 1727 "Y" 21863 958847 0.0228 629139 606500 879148 0.08314 0.284376464486071
1780 1780 "Y" 436314 958847 0.455 351483 333900 495262 0.109 0.290308967778671
1848 1848 "Y" 21299 958847 0.02221 634078 606600 879446 0.1007 0.279002917745945
1851 1851 "Y" 3918 958847 0.004086 644428 617500 895358 0.09702 0.280256612438823
2011 2011 "Y" 435737 958847 0.4544 352371 334300 495819 0.112 0.289315254155246
2053 2053 "Y" 287683 958847 0.3 481143 451900 654052 0.1445 0.264365830239797
2675 2675 "Y" 435195 958847 0.4539 353797 334900 496689 0.117 0.287689077068347
2907 2907 "Y" 437299 958847 0.4561 362792 333600 494902 0.1808 0.266941737960243
3108 3108 "Y" 435464 958847 0.4542 354651 334700 496492 0.1232 0.285686375611289
3540 3540 "Y" 434687 958847 0.4533 353207 335200 497295 0.1109 0.289743512402095
3706 3706 "Y" 3409 958847 0.003555 645884 617700 895640 0.1016 0.278857576704926
4369 4369 "Y" 294942 958847 0.3076 463814 447200 646888 0.08322 0.283007259371019
44 44 "Y" 2768 958847 0.002887 651807 618700 897111 0.119 0.273437735129767
4644 4644 "Y" 295939 958847 0.3086 464287 446600 646053 0.08884 0.281348434261585
483 483 "Y" 4333 958847 0.004519 664180 617600 895527 0.1677 0.258336152902146
488 488 "Y" 1441 958847 0.001503 645956 619000 897572 0.09686 0.280329600299475
675 675 "Y" 3104 958847 0.003237 645249 618400 896696 0.09661 0.280414990141586
688 688 "Y" 2340 958847 0.00244 640050 618300 896654 0.07798 0.286179507368506
703 703 "Y" 278427 958847 0.2904 476854 457900 662832 0.09228 0.280580901344534
7465 7465 "Y" 298323 958847 0.3111 462940 445000 643454 0.09057 0.280539090595443
8915 8915 "Y" 247888 958847 0.2585 473285 467300 676493 0.02867 0.300384482914088
9486 9486 "Y" 219785 958847 0.2292 489245 483200 701248 0.02765 0.302322430866113
7733 7733 "Y" 497348 958847 0.5187 304022 290900 443675 0.08618 0.31476418549614
7757 7757 "Y" 497308 958847 0.5187 292485 290800 443657 0.01078 0.340740707348244
7763 7763 "Y" 497381 958847 0.5187 291759 290800 443630 0.006104 0.342337082704055
7842 7842 "Y" 498111 958847 0.5195 292640 290500 443126 0.01403 0.339600926147416
7888 7888 "Y" 497278 958847 0.5186 292219 290900 443683 0.00892 0.341378867344478
7907 7907 "Y" 497236 958847 0.5186 291701 290900 443784 0.005077 0.342695996250428
7931 7931 "Y" 497082 958847 0.5184 293996 291000 443901 0.01958 0.33769917166215
8139 8139 "Y" 497314 958847 0.5187 292738 290800 443663 0.01238 0.340179370377967
8204 8204 "Y" 497129 958847 0.5185 293281 291000 443839 0.01519 0.339217599174475
8304 8304 "Y" 497436 958847 0.5188 292369 290800 443553 0.01037 0.340847655184386
8379 8379 "Y" 492020 958847 0.5131 283012 294200 448541 -0.07246 0.369038727786312
8466 8466 "Y" 497741 958847 0.5191 292721 290600 443256 0.01397 0.339611872146119
8529 8529 "Y" 497098 958847 0.5184 292646 291000 443866 0.01095 0.340688405960357
8534 8534 "Y" 491826 958847 0.5129 296072 294300 448642 0.01167 0.340070702252576
8538 8538 "Y" 494151 958847 0.5154 295500 292800 446338 0.01778 0.337945682420049
8565 8565 "Y" 491501 958847 0.5126 295089 294500 448953 0.004053 0.342717389125365
8578 8578 "Y" 491875 958847 0.513 297520 294200 448578 0.02139 0.336748569925409
8588 8588 "Y" 492118 958847 0.5132 294546 294100 448429 0.002745 0.343160232723575
8656 8656 "Y" 493360 958847 0.5145 295741 293300 447136 0.0161 0.338588259500465
8666 8666 "Y" 491661 958847 0.5128 295279 294400 448808 0.00589 0.34208169194845
8720 8720 "Y" 491689 958847 0.5128 278287 294400 448825 -0.1042 0.37996546538183
8939 8939 "Y" 497381 958847 0.5187 292463 290800 443590 0.01097 0.340690727924435
8990 8990 "Y" 492286 958847 0.5134 278087 294000 448229 -0.1031 0.379587219925529
9023 9023 "Y" 492138 958847 0.5133 296345 294100 448339 0.01474 0.33901578939151
9039 9039 "Y" 491733 958847 0.5128 295901 294300 448733 0.01023 0.340585604357157
9046 9046 "Y" 491833 958847 0.5129 296853 294300 448632 0.0168 0.338315144706575
9081 9081 "Y" 491572 958847 0.5127 297013 294400 448888 0.0168 0.338336066012012
9111 9111 "Y" 491712 958847 0.5128 297391 294300 448754 0.01979 0.337296157805836
9164 9164 "Y" 491534 958847 0.5126 296375 294400 448924 0.01249 0.33981030196648
9218 9218 "Y" 491586 958847 0.5127 297979 294400 448873 0.02314 0.336161898799883
9277 9277 "Y" 491538 958847 0.5126 296234 294400 448923 0.01161 0.340122916402145
9281 9281 "Y" 492585 958847 0.5137 296353 293800 447886 0.01674 0.338329396319599
9283 9283 "Y" 491503 958847 0.5126 294602 294500 448951 0.0009369 0.343799211940724
9327 9327 "Y" 492384 958847 0.5135 296806 293900 448091 0.01879 0.337621152846185
9430 9430 "Y" 497129 958847 0.5185 293597 291000 443840 0.01725 0.338507119682769
9471 9471 "Y" 491595 958847 0.5127 294145 294400 448867 -0.001668 0.34469453089668
